1
1000000000
2402
-1
201710
Oduro
2402
0
201630
Bush
1805
1
201610
Mancosu
1406
2
201610
Sagna
1405
3
201610
Piatti
0
1
1000000001
1405
4
201620
Carrasco
3000
12
201820
Pamphile
3000
0
201830
Jean
1406
5
201620
J. dos Santos
1805
6
201620
Boateng
2401
7
201620
Ibrahimovic
2402
8
201620
G. dos Santos
0
1
1000000002
1405
9
201630
van der Wiel
1406
10
201630
Osorio
1805
11
201630
Bradley
2401
12
201630
Altidor
2402
-1
201630
Giovinco
0
1
1000000003
1405
0
201710
Insigne
1406
1
201710
Mertens
1805
2
201710
Koulibaly
3000
3
201830
Pamphile
3000
2
201920
Jean
2401
3
201710
Hamsik
2402
4
201710
Ospina
0
1
1000000004
1405
5
201720
Cuadrado
1406
6
201720
Chiellini
1805
7
201720
Matuidi
2401
8
201720
Szczesny
2402
9
201720
Ronaldo
0
1
1000000005
1405
10
201730
Vieira
3000
0
201910
Pamphile
3000
2
201730
Jean
1406
11
201730
Ramos
1805
12
201730
Courtois
2401
-1
201730
Benzema
2402
0
201730
Bale
0
1
1000000006
1405
1
201810
Pique
1406
2
201810
Coutinho
1805
3
201810
Vidail
3000
-1
202010
Pamphile
3000
7
202020
Jean
2401
4
201810
Suarez
2402
5
201810
Messi
0
1
1000000007
1405
6
201820
DeBruyne
1405
7
201710
Insigne
1805
8
201820
Sterling
2401
9
201820
Hart
2402
10
201820
Salah
0
1
1000000008
1405
11
201830
Neymar
3000
9
201830
Pamphile
3000
9
201810
Jean
1406
12
201830
Mbappe
1805
-1
201830
Buffon
1805
0
201910
Lloris
2402
1
201830
Di Maria
0
1
1000000009
1405
2
201910
DeBruyne
3000
9
201930
Pamphile
3000
10
201630
Jean
1406
3
201910
Sissoko
1805
4
201910
Lloris
2401
5
201910
Alli
2402
6
201910
Kane
0
1
1000000010
1405
7
201920
Lukaku
1406
8
201920
Sanchez
1805
9
201920
Pogba
3000
9
201930
Pamphile
3000
9
201620
Jean
2401
10
201920
Rashford
2402
11
201920
Martial
0
1
1000000011
1405
12
201930
Firmino
1406
-1
201930
Mane
1406
0
202010
Koscielny
2401
1
201930
Mignolet
2402
2
201930
Salah
0
1
1000000012
2402
3
202010
Lacazette
3000
11
201830
Pamphile
3000
12
201920
Jean
2401
4
202010
Monreal
1805
5
202010
Aubameyang
1406
6
202010
Koscielny
1405
7
202010
Xhaka
0
1
1000000013
1405
8
202020
DeBruyne
1406
9
202020
Aguero
1805
10
202020
Sterling
2401
11
202020
Jesus
2402
12
202020
Fernandinho
0
1
1000000014
2402
-1
202030
Higuain
3000
3
201830
Pamphile
3000
-1
202020
Jean
1805
0
202030
Kante
1805
1
202010
Hazard
1406
2
202030
Azpilicueta
1405
3
202030
Luiz
0
0
